14
0
0.0 -0.925
1
0
2
45
45
0.0 0.97
1
0
2
61
61
0.025 -0.958
4
46
47
hpBar
-0.975
0.985
20
-1
0.015 -0.8785
1
1
abilityMeter
2
48
48
0.378 -0.922
4
49
50
ammo
-0.985
0.983
19
-1
0.368 -0.9
1
1
weapon
7
94
95
96
97
98
99
100
-0.332 -0.94
1
1
consumable
2
51
52
-0.332 -0.94
1
1
consumableIcons
4
90
91
92
93
-0.24 0.9
4
54
54
ticketBar1
-0.957
0.985
20
-1
-0.127 0.887
4
57
57
wins1
-0.977
0.985
20
-1
0.0 0.895
4
55
55
time
-0.955
0.98
19
-1
0.235 0.898
4
56
56
ticketBar2
-0.970
0.985
20
-1
0.0 0.966
1
1
loseTicketsMeter
2
53
53
0.127 0.887
4
58
58
wins2
-0.975
0.985
20
-1